
3 48 4 2
50 5 1 8 6 
86 2 6 2 3 

2 78 20 2
98 6 10 4 
76 2 2 3 

1 84 4 1
88 8 10 

1 54 7 3
52 2 10 
68 8 7 
21 1 9 

1 33 13 5
33 6 8 
30 5 8 
31 8 1 
1 1 1 
75 3 1 

1 81 20 3
72 10 2 
11 5 5 
52 3 8 

1 81 1 1
88 2 5 

1 54 14 2
42 3 7 
53 2 8 

2 2 19 5
97 6 4 7 
65 6 5 10 
18 6 4 10 
33 8 7 7 
75 9 2 3 

2 75 16 1
57 4 1 8 

1 1 14 5
32 8 7 
1 9 7 
92 9 10 
100 5 3 
68 7 7 

1 68 11 1
87 4 5 

3 16 14 2
17 1 2 6 7 
19 5 1 2 9 

2 56 15 3
69 1 3 1 
67 8 9 9 
87 1 4 6 

1 78 7 5
18 6 3 
86 2 10 
46 2 1 
22 9 4 
87 7 5 

1 48 12 5
78 7 2 
56 8 9 
82 7 9 
5 7 10 
15 3 2 

3 70 6 1
39 6 4 9 5 

3 90 6 5
78 10 5 9 1 
23 6 3 6 4 
21 6 9 2 3 
36 9 4 3 10 
71 8 7 6 9 

2 58 7 2
24 4 3 3 
94 1 6 4 

1 10 10 4
62 1 1 
30 10 5 
87 3 2 
53 10 7 

1 92 12 6
35 9 9 
97 10 1 
7 2 4 
57 2 6 
2 1 1 
20 6 5 

3 84 7 4
49 4 10 1 3 
77 2 1 4 2 
51 3 10 2 4 
10 8 4 4 9 

3 13 18 2
21 9 3 10 9 
9 10 3 1 3 

2 27 12 4
71 3 4 9 
10 9 7 3 
40 5 7 9 
90 5 10 3 

2 8 5 4
62 7 6 1 
54 5 10 5 
60 10 4 8 
37 10 6 4 

1 73 12 4
56 7 1 
93 5 1 
56 9 8 
36 10 4 

3 12 7 3
19 2 6 6 1 
24 9 4 9 6 
69 7 4 2 2 

1 39 5 4
87 3 8 
51 2 3 
55 2 4 
78 1 10 

2 72 11 1
76 8 7 5 

3 54 20 4
80 7 6 7 3 
37 2 10 8 7 
15 10 5 5 3 
37 2 3 10 8 

1 41 9 5
10 8 7 
18 1 2 
44 9 1 
72 2 4 
30 4 3 

2 64 8 1
27 6 5 2 

3 41 17 1
89 2 5 1 1 

2 24 17 6
59 3 10 3 
81 3 3 5 
73 2 9 9 
37 6 7 3 
92 3 5 1 
74 3 7 3 

2 32 19 5
59 6 1 1 
71 3 7 2 
45 10 4 10 
43 5 2 3 
90 1 8 1 

1 26 2 3
34 7 5 
44 3 9 
87 8 8 

1 6 13 1
3 9 4 

3 51 0 2
51 8 2 7 7 
8 1 10 1 3 

2 63 5 2
82 2 10 9 
16 2 1 9 

1 37 5 3
74 10 2 
29 7 3 
59 5 3 

3 56 12 1
73 1 8 4 8 

1 53 13 2
11 1 8 
9 2 7 

3 60 4 4
27 3 3 2 4 
39 5 1 4 1 
40 7 2 9 10 
33 3 6 4 6 

3 74 20 2
13 4 9 8 3 
71 10 9 7 5 

3 66 9 5
83 3 4 1 3 
44 4 9 8 2 
64 8 8 7 7 
58 3 1 10 7 
69 3 5 8 6 

1 3 1 5
65 2 4 
12 8 7 
99 9 1 
2 4 1 
77 4 10 

1 75 8 1
75 2 8 

1 95 14 6
54 10 4 
31 4 8 
15 5 1 
10 2 5 
34 3 4 
44 9 5 

2 63 0 6
76 4 2 9 
42 8 1 7 
83 10 2 10 
19 9 9 1 
22 3 5 10 
88 7 7 8 

3 92 19 3
18 4 7 1 10 
77 8 2 3 4 
77 5 2 6 9 

1 94 12 2
55 7 3 
64 4 9 

3 12 15 5
76 2 6 5 4 
7 1 10 7 10 
58 8 4 2 7 
64 10 1 1 9 
49 2 4 6 7 

1 60 16 1
91 9 3 

2 26 17 4
56 3 4 8 
79 2 4 7 
55 1 8 9 
47 1 9 3 

3 71 5 5
85 6 4 3 5 
40 3 6 10 9 
15 9 2 10 5 
1 8 8 10 10 
78 5 2 7 9 

1 38 7 2
4 1 9 
57 7 4 

3 16 0 4
47 6 6 6 9 
98 8 2 3 10 
1 1 1 2 8 
11 8 10 3 8 

1 18 0 6
28 5 7 
76 4 3 
39 1 4 
36 4 4 
89 4 8 
51 10 3 

3 18 15 3
30 8 7 5 3 
95 9 6 1 6 
99 9 9 6 1 

2 18 14 2
92 8 8 8 
40 4 2 10 

3 92 8 3
96 5 2 7 6 
26 8 7 2 8 
8 3 1 10 10 

1 13 1 5
78 4 5 
56 2 7 
27 6 4 
63 8 9 
25 1 6 

1 73 12 4
44 10 9 
74 6 5 
59 10 1 
6 4 8 

2 70 7 5
2 2 8 4 
70 7 10 1 
98 4 4 7 
90 8 4 7 
7 5 6 1 

1 36 13 2
33 4 8 
79 8 6 

2 95 1 6
24 8 10 4 
41 5 1 1 
32 2 10 1 
9 7 3 8 
93 2 4 5 
7 10 3 1 

2 35 7 3
52 10 4 6 
77 8 2 7 
68 10 8 5 

1 58 4 2
86 7 4 
21 3 6 

2 3 10 5
93 10 3 5 
100 10 10 8 
43 7 6 3 
88 2 3 10 
32 9 3 10 

1 90 6 2
79 8 1 
90 10 3 

2 26 9 2
14 1 9 10 
53 6 5 9 

2 24 2 1
3 3 7 7 

3 78 1 3
24 7 7 1 5 
41 9 5 1 3 
94 1 6 1 7 

3 56 0 3
55 1 6 6 4 
6 8 2 5 6 
11 3 5 8 7 

1 45 20 3
1 8 3 
32 1 9 
40 3 2 

2 12 18 4
82 9 8 9 
26 4 1 4 
65 2 10 5 
48 7 5 3 

1 30 2 4
41 1 2 
55 5 8 
91 2 2 
90 10 1 

2 87 3 2
36 8 8 2 
18 7 1 6 

1 44 11 3
40 9 7 
69 1 5 
31 4 4 

1 2 20 1
91 8 10 

1 96 17 2
88 6 2 
95 3 1 

1 95 7 5
77 7 5 
38 1 8 
58 1 10 
80 6 8 
44 2 2 

3 4 14 5
74 8 7 8 8 
66 2 2 2 10 
87 8 8 2 10 
36 4 6 2 2 
95 6 10 9 3 

3 76 1 1
11 9 4 9 10 

2 98 0 6
4 10 4 4 
53 8 4 9 
56 9 4 5 
78 7 5 10 
69 2 5 5 
51 7 5 2 

2 64 16 4
46 8 5 8 
13 5 9 10 
94 6 3 6 
79 3 8 6 

1 88 19 6
72 2 5 
65 3 2 
1 1 8 
60 10 1 
62 8 10 
42 2 7 

2 83 4 5
78 3 9 3 
94 3 8 3 
9 8 8 10 
92 2 7 3 
30 4 8 4 

2 9 14 5
27 7 4 7 
86 3 10 9 
34 6 7 2 
36 1 1 3 
88 2 9 8 

2 65 12 5
45 4 5 10 
36 8 2 4 
16 3 3 2 
21 7 6 5 
58 6 2 2 

2 56 7 1
43 1 9 5 

1 8 4 1
19 6 9 

1 79 1 2
45 3 8 
85 2 8 

1 45 5 3
21 3 5 
16 3 7 
40 1 5 

1 7 6 5
37 9 9 
71 1 1 
17 5 8 
60 3 5 
5 1 4 

3 5 18 2
58 1 7 3 1 
60 4 10 2 10 

2 3 10 6
62 10 10 7 
86 5 9 2 
27 6 2 10 
92 7 4 1 
60 6 9 7 
17 1 4 5 

3 52 20 4
47 5 1 6 4 
38 3 1 3 7 
73 2 2 8 3 
26 10 8 1 8 

2 93 18 6
54 2 6 4 
63 2 1 3 
96 8 7 9 
22 3 1 6 
19 5 8 5 
7 4 10 4 

3 40 15 2
83 1 7 2 2 
92 5 8 9 2 

2 19 18 3
100 7 4 3 
29 4 3 2 
86 2 9 3 

1 7 6 5
66 6 4 
51 4 10 
54 2 8 
45 10 1 
82 9 2 

3 97 19 6
79 9 1 3 9 
13 1 1 3 5 
95 8 6 6 10 
87 2 2 1 9 
47 10 6 8 1 
6 3 3 9 2 

1 25 13 1
42 2 8 

2 16 12 3
96 6 9 8 
29 6 4 10 
67 8 1 9 

2 16 4 4
54 8 3 3 
17 9 1 7 
37 10 4 2 
96 9 4 6 

1 98 17 1
57 10 2 

2 3 11 1
10 4 3 3 

1 86 14 3
63 8 9 
44 1 2 
33 5 9 

3 51 2 1
91 10 5 3 2 

3 65 5 6
40 5 2 8 4 
71 9 5 8 1 
10 3 9 3 5 
7 7 10 7 5 
67 1 8 8 6 
96 8 3 10 1 

3 36 20 5
19 7 1 4 2 
43 10 8 2 6 
92 2 8 6 5 
44 2 6 4 1 
32 2 9 6 8 

2 16 20 5
56 5 2 10 
26 9 5 8 
6 5 6 6 
80 6 6 7 
78 9 8 5 

2 50 5 2
21 10 1 2 
23 6 6 8 

3 27 6 3
97 1 3 8 4 
21 10 9 3 10 
94 3 2 6 9 

1 97 15 3
52 1 6 
16 8 1 
10 9 7 

3 73 6 6
94 8 8 4 10 
7 8 3 7 9 
15 8 3 10 6 
76 8 8 9 5 
36 7 6 2 7 
55 5 8 9 1 

1 80 20 1
33 6 9 

3 96 7 4
94 5 8 4 8 
5 2 6 4 7 
43 4 5 2 9 
41 2 5 3 10 

2 99 13 1
10 1 9 5 

2 84 5 5
41 4 4 5 
96 5 5 8 
18 3 6 5 
33 9 9 6 
66 5 9 5 

3 83 8 1
33 6 10 1 8 

2 9 18 1
85 7 1 6 

1 52 5 5
4 5 9 
72 5 2 
8 2 7 
95 7 6 
21 1 5 

1 9 14 6
70 8 5 
4 2 1 
48 5 3 
24 3 8 
27 9 6 
39 9 5 

2 24 13 4
69 4 5 8 
99 7 8 3 
65 2 8 3 
40 5 7 7 

1 58 11 4
39 6 6 
70 5 6 
99 1 3 
11 7 7 

1 91 16 4
53 9 6 
29 4 7 
53 5 5 
81 3 6 

2 9 13 3
32 3 2 9 
73 3 10 5 
38 3 2 1 

1 1 14 1
96 1 8 

2 46 10 6
32 7 3 2 
55 10 7 1 
90 8 3 7 
37 2 5 1 
39 2 5 2 
20 9 6 6 

1 99 1 5
31 9 3 
96 5 4 
87 5 4 
15 10 2 
51 10 4 

2 48 18 4
25 9 7 6 
35 10 10 6 
58 9 3 4 
39 4 8 6 

3 67 6 1
7 10 2 4 10 

3 53 6 1
57 5 1 7 7 

3 69 1 5
28 8 1 2 9 
31 7 6 5 9 
78 10 6 5 4 
17 8 4 8 3 
82 4 5 7 8 

1 69 9 6
14 3 4 
32 1 3 
57 3 2 
21 9 10 
36 1 1 
42 1 4 

1 33 17 6
79 7 7 
20 8 3 
32 6 2 
12 3 9 
84 4 6 
63 3 3 

3 96 7 6
72 6 6 10 5 
48 9 4 3 7 
18 9 9 1 1 
4 10 4 4 3 
2 8 9 1 2 
47 9 7 7 7 

1 26 11 2
40 3 6 
56 9 10 

2 43 3 2
31 5 10 7 
93 3 2 4 

3 73 18 1
78 2 3 3 6 

1 26 11 3
55 1 5 
52 2 5 
49 6 3 

1 59 1 5
77 8 6 
69 1 1 
87 1 6 
10 2 7 
35 5 4 

1 20 6 6
100 9 3 
60 4 1 
36 7 6 
56 10 3 
11 8 2 
94 8 9 

1 70 9 4
53 4 10 
46 5 4 
84 9 8 
19 6 6 

2 23 13 5
9 8 4 6 
80 3 9 2 
28 1 5 8 
95 10 10 2 
58 3 3 1 

2 37 16 6
17 8 3 6 
57 6 6 3 
86 2 2 10 
83 8 2 4 
60 6 6 10 
42 8 6 5 

3 35 20 5
20 6 7 9 3 
84 3 7 2 7 
81 6 1 6 10 
55 10 7 8 6 
31 7 4 1 9 

3 14 15 2
72 6 3 7 4 
68 8 3 10 9 

1 57 7 6
3 8 8 
36 1 3 
39 3 4 
9 2 10 
67 7 6 
90 6 2 

2 15 20 3
65 1 2 4 
7 5 4 1 
74 7 4 5 

1 85 11 6
32 5 7 
82 3 2 
93 2 2 
69 8 6 
38 5 1 
96 5 5 

1 54 1 6
93 4 6 
34 9 9 
69 9 5 
72 2 8 
99 2 7 
4 4 4 

2 13 18 5
47 6 7 9 
33 6 1 3 
82 8 6 1 
75 7 1 3 
41 9 9 5 

1 20 8 6
99 7 3 
8 9 3 
35 10 2 
69 7 3 
25 8 5 
74 5 4 

2 66 19 5
98 5 2 10 
98 6 8 6 
92 8 7 10 
78 1 9 4 
36 2 6 6 

3 24 17 5
7 2 6 9 5 
16 10 6 1 7 
17 2 4 10 9 
39 5 2 5 7 
45 2 4 3 2 

3 83 14 3
94 8 10 7 1 
77 8 1 1 10 
40 5 6 6 7 

1 29 7 1
81 7 8 

3 67 7 3
89 1 3 7 2 
90 6 4 5 1 
56 3 6 10 6 

2 73 3 5
4 8 3 7 
89 3 4 4 
45 4 7 9 
22 4 6 6 
70 9 4 10 

2 8 5 1
36 3 2 7 

2 42 4 6
9 2 9 5 
79 5 3 5 
78 6 9 8 
40 5 5 5 
42 4 10 9 
32 1 5 2 

3 4 8 6
2 5 2 8 9 
27 4 1 10 2 
20 9 10 10 2 
24 1 3 4 1 
82 4 7 10 10 
96 6 10 3 9 

1 59 0 4
70 10 6 
44 8 8 
83 5 8 
88 5 9 

2 73 17 4
18 6 3 5 
12 9 5 4 
40 4 5 2 
22 4 1 10 

3 3 10 5
75 6 5 10 3 
41 1 6 9 5 
10 6 7 5 1 
98 9 5 2 8 
73 9 7 4 6 

2 13 7 4
34 5 2 4 
76 10 2 4 
99 7 7 6 
5 5 4 9 

3 15 5 4
69 10 5 1 9 
40 5 9 7 3 
30 2 9 4 8 
28 3 6 4 3 

2 6 11 6
41 7 6 1 
27 6 3 7 
99 7 10 5 
41 8 1 2 
31 8 6 10 
97 5 10 6 

3 99 4 4
72 7 9 2 5 
75 4 2 1 1 
78 1 5 5 9 
1 2 4 2 3 

2 49 7 2
68 8 10 10 
32 9 3 9 

3 7 17 2
54 10 3 5 8 
20 5 6 2 2 

2 71 19 6
5 3 5 3 
96 6 7 9 
77 2 8 6 
79 5 4 10 
78 3 1 9 
27 2 6 2 

3 11 17 1
18 1 5 2 7 

2 62 12 5
80 10 2 2 
62 3 7 9 
31 6 8 1 
20 7 8 1 
2 3 7 8 

3 48 19 5
90 8 10 10 7 
40 2 10 1 10 
24 2 2 1 5 
25 5 5 7 8 
72 2 2 8 7 

2 67 8 6
58 2 7 8 
58 8 10 4 
27 6 5 6 
19 2 2 7 
28 1 9 3 
76 4 7 9 

2 89 0 2
88 7 9 6 
28 5 4 6 

2 7 5 1
87 10 3 7 

2 99 12 6
50 5 3 8 
24 9 3 10 
83 8 8 1 
56 1 9 7 
27 10 2 1 
74 9 1 1 

3 42 13 3
16 3 10 2 5 
78 1 8 5 2 
57 10 1 3 7 

3 56 0 1
68 10 4 3 8 

3 90 5 5
36 5 7 4 9 
76 5 5 10 3 
77 6 5 3 1 
18 7 9 8 3 
72 9 2 9 4 

2 34 3 5
78 10 10 2 
79 10 2 5 
72 4 4 7 
25 3 2 3 
41 7 5 3 

1 16 12 5
64 1 6 
79 5 4 
44 10 3 
60 9 4 
91 6 8 

2 32 11 4
75 8 8 4 
34 5 3 5 
9 1 10 8 
82 3 7 5 

2 36 16 1
64 8 10 1 

1 85 18 4
71 8 10 
1 7 6 
46 4 6 
64 8 6 

1 84 3 1
66 10 5 

3 73 11 2
50 2 7 2 7 
35 5 4 3 9 

2 98 9 6
11 7 7 5 
16 4 4 8 
83 7 4 9 
66 10 4 9 
83 2 8 2 
1 9 3 10 

3 81 6 1
45 6 2 4 5 

1 57 15 4
97 8 5 
74 2 1 
21 3 1 
67 8 6 

2 41 17 4
21 6 10 6 
73 4 10 6 
74 7 3 7 
15 6 8 10 

3 33 15 6
95 5 1 4 2 
19 7 1 8 9 
40 8 4 5 3 
44 1 9 9 1 
97 2 4 5 8 
23 4 1 6 7 

2 73 4 4
10 5 7 4 
21 6 9 5 
56 7 2 8 
80 9 7 7 

1 39 12 6
20 5 1 
79 5 10 
71 6 9 
85 4 1 
88 2 9 
60 10 3 

3 6 18 6
89 9 8 7 10 
35 9 4 4 9 
94 5 1 10 6 
54 1 8 3 1 
79 5 3 5 9 
24 4 3 7 6 

1 80 11 5
86 1 10 
2 1 7 
73 6 9 
61 7 6 
99 10 3 

3 12 6 1
73 6 2 8 8 

1 37 16 5
34 8 7 
60 10 2 
6 1 10 
32 6 5 
70 7 1 

1 63 20 1
95 8 3 

3 63 14 5
2 4 6 9 5 
14 9 8 1 10 
48 10 10 2 1 
9 10 5 8 2 
31 4 8 5 2 

1 18 3 3
71 6 10 
94 5 10 
17 4 10 

3 4 14 1
89 7 3 2 3 

2 48 15 3
9 9 2 2 
94 6 9 7 
31 8 6 9 

3 2 12 6
12 5 1 7 9 
79 10 7 1 1 
73 10 10 3 3 
65 9 5 6 10 
78 2 1 8 10 
100 10 1 1 8 

1 55 10 1
99 8 9 

2 9 20 3
13 8 10 6 
82 5 4 9 
57 4 10 3 

2 32 17 5
10 2 8 9 
77 9 6 5 
6 6 7 4 
78 8 9 2 
42 2 1 3 

3 77 13 6
72 4 8 1 6 
60 7 6 7 1 
51 3 4 1 2 
11 7 5 2 8 
6 3 2 7 7 
5 3 5 8 10 

2 61 20 6
50 2 10 4 
11 8 5 2 
68 6 10 3 
24 6 4 1 
99 8 5 1 
87 1 3 5 

3 95 2 2
36 7 4 3 4 
52 2 10 7 2 

1 60 2 5
60 7 3 
83 2 3 
60 9 7 
55 7 2 
96 1 7 

1 84 12 1
24 10 8 

2 91 18 4
39 2 8 1 
8 8 9 3 
14 4 5 6 
51 8 2 10 

2 77 14 2
19 10 2 6 
85 2 9 5 

3 83 11 4
11 4 9 3 9 
37 1 10 3 1 
36 2 7 3 2 
6 7 1 1 6 

2 93 1 6
1 1 7 6 
89 6 6 3 
85 8 3 6 
29 2 10 10 
62 3 5 5 
26 8 4 8 

2 64 15 5
16 10 1 3 
100 1 6 4 
83 4 5 3 
29 1 1 2 
67 4 1 2 

1 55 11 1
61 10 8 

3 85 2 3
13 3 1 8 5 
50 7 10 1 5 
38 5 9 6 10 

3 97 12 6
7 6 7 9 9 
87 7 8 8 2 
97 7 10 6 2 
54 8 1 7 10 
78 8 8 7 2 
11 6 2 7 6 

2 10 12 3
78 6 3 7 
80 10 3 8 
81 8 4 7 

3 40 8 6
96 9 2 10 1 
100 7 4 1 4 
25 3 4 3 5 
3 4 2 9 5 
35 4 6 10 4 
51 5 8 3 5 

3 71 8 2
97 6 2 2 6 
81 4 4 4 1 

3 76 6 2
79 3 2 2 6 
2 3 7 1 8 

3 88 1 4
62 10 2 1 5 
81 8 2 9 5 
63 5 4 1 3 
32 4 8 1 2 

2 48 16 4
43 4 1 8 
58 5 10 4 
29 7 1 10 
37 6 10 1 

3 78 6 2
15 2 6 8 10 
9 4 7 2 5 

3 21 5 6
15 8 6 10 10 
25 3 9 6 1 
6 10 8 4 5 
88 6 9 2 10 
37 7 6 10 8 
26 2 8 4 5 

3 70 20 3
79 2 9 9 4 
77 9 8 10 10 
46 6 8 3 6 

2 84 7 4
59 6 7 5 
91 3 10 7 
98 2 4 3 
84 5 6 6 

2 8 1 6
39 10 2 2 
61 3 9 10 
78 8 1 2 
9 9 6 9 
28 7 4 5 
52 8 7 9 

3 97 10 3
44 5 6 9 8 
50 2 9 2 9 
65 10 8 10 8 

1 23 9 3
84 5 9 
1 7 3 
87 7 10 

2 30 18 4
47 4 5 8 
92 7 2 3 
14 3 1 3 
13 3 3 9 

2 24 14 2
62 4 4 6 
80 4 9 10 

2 22 7 1
27 4 1 8 

2 26 17 5
13 10 8 3 
85 6 7 6 
72 10 9 8 
21 6 3 10 
78 2 4 7 

1 27 4 1
23 6 4 

3 72 16 1
96 1 8 10 1 

2 12 20 3
46 3 1 1 
72 8 6 1 
15 6 9 9 

3 66 10 1
74 8 6 7 1 

1 65 9 3
25 1 3 
41 9 2 
96 3 3 

3 94 8 3
63 6 2 4 4 
9 8 10 10 4 
78 4 4 10 8 

3 46 17 5
40 8 7 6 1 
94 3 9 3 10 
60 3 10 6 3 
74 2 9 10 9 
41 6 7 5 10 

1 92 16 5
10 1 5 
20 8 3 
19 3 2 
94 6 3 
71 5 10 

3 75 12 5
87 8 3 7 3 
39 2 7 8 2 
64 4 7 2 2 
40 4 1 4 6 
42 8 6 9 7 

1 54 9 3
90 1 7 
69 2 3 
51 9 9 

2 23 3 2
52 4 1 3 
29 10 8 1 

1 86 16 3
83 8 10 
17 2 8 
32 8 6 

2 70 14 2
87 10 7 1 
25 3 9 2 

2 29 0 6
70 1 7 5 
70 8 10 8 
79 3 6 1 
27 2 10 10 
68 2 7 1 
37 9 3 1 

1 47 9 6
55 3 1 
74 6 1 
79 9 3 
27 10 10 
81 6 1 
94 4 7 

3 58 8 3
2 8 3 3 9 
13 9 7 10 1 
58 5 4 3 1 

2 98 17 3
9 4 2 9 
20 3 5 7 
25 1 3 6 

3 16 2 5
21 9 4 3 10 
40 5 8 8 4 
33 10 1 10 2 
32 9 1 2 1 
60 5 9 2 2 

2 32 12 3
17 3 2 8 
64 2 5 4 
21 9 8 2 

2 30 10 5
2 1 3 7 
95 5 10 4 
90 1 5 1 
67 3 4 4 
100 4 5 10 

3 3 19 3
64 5 5 9 5 
17 10 7 10 10 
57 6 8 3 1 

3 14 4 2
58 2 6 6 8 
72 9 3 1 1 

3 23 3 6
95 2 10 6 2 
6 10 4 1 5 
42 6 5 10 10 
7 3 7 4 10 
34 2 7 5 4 
43 1 4 1 5 

1 86 2 3
100 5 7 
50 6 10 
44 4 3 

1 42 3 5
48 4 5 
82 2 4 
30 1 3 
77 2 4 
92 10 6 

2 9 14 5
66 9 3 4 
93 5 5 2 
92 7 7 10 
24 5 6 6 
37 9 6 9 

1 88 19 3
81 2 3 
69 5 3 
72 8 8 

1 71 11 4
13 4 9 
33 2 3 
5 8 2 
51 1 2 

2 59 17 4
33 1 3 2 
98 9 2 7 
50 7 8 9 
95 6 8 4 

2 68 8 5
62 2 5 2 
82 3 1 3 
30 2 1 1 
38 10 6 8 
14 7 8 10 

1 39 8 3
79 2 2 
77 3 3 
68 7 1 

2 21 16 4
79 7 3 8 
17 7 1 5 
33 4 4 7 
58 3 6 6 

3 37 16 6
11 6 6 7 4 
82 6 3 6 10 
18 10 6 8 3 
23 5 7 7 2 
9 2 3 3 1 
98 5 3 4 1 

3 44 17 3
67 2 10 5 8 
24 3 3 1 2 
24 8 10 10 6 

1 28 8 2
20 6 4 
68 10 10 

2 20 15 6
49 2 8 5 
68 1 3 8 
74 9 2 3 
70 5 2 5 
70 7 7 2 
39 3 2 1 

1 40 14 5
46 10 10 
5 9 2 
44 7 7 
13 1 1 
28 5 6 

1 19 3 6
30 9 1 
54 7 5 
21 5 2 
80 3 8 
9 8 2 
29 5 2 

3 64 2 3
84 7 2 8 5 
88 8 4 10 10 
7 8 1 10 5 

1 85 2 6
57 5 9 
71 8 6 
68 10 3 
71 8 2 
13 5 10 
73 9 5 

3 56 5 6
69 9 3 5 7 
95 4 5 7 5 
88 4 4 5 9 
9 9 1 2 6 
50 3 5 1 5 
79 1 6 9 6 

2 81 5 4
16 7 1 2 
55 7 1 6 
67 2 5 1 
5 8 2 3 

1 83 14 4
84 10 1 
9 1 4 
53 9 1 
84 4 1 

3 50 11 3
57 4 5 9 1 
63 8 3 2 3 
8 9 6 1 10 

1 24 20 6
84 10 6 
92 2 7 
74 2 1 
79 5 7 
29 9 2 
85 6 10 

3 54 7 2
31 4 2 9 4 
66 3 7 10 3 

3 64 12 2
50 2 6 3 9 
70 8 2 9 3 

2 43 16 3
36 7 1 8 
23 10 7 8 
3 2 8 8 

1 37 3 6
63 2 6 
16 5 9 
81 4 8 
86 5 2 
10 6 10 
11 2 1 

3 59 4 6
3 9 9 9 3 
88 6 7 7 8 
51 8 4 6 6 
14 9 7 5 7 
38 6 2 1 3 
18 6 3 9 10 

3 87 19 2
81 5 6 1 5 
84 5 6 4 9 

3 87 12 3
32 2 2 9 1 
26 5 6 7 9 
10 9 3 1 5 

1 100 13 3
77 10 4 
74 10 7 
86 5 3 

2 6 17 5
53 10 7 8 
59 1 10 3 
44 7 4 7 
71 3 3 9 
8 5 2 8 

2 31 13 6
10 10 8 10 
19 9 2 5 
37 2 5 1 
29 10 2 4 
26 2 10 6 
5 3 7 8 

2 71 3 5
37 5 9 10 
8 1 6 10 
69 9 1 3 
49 1 10 3 
20 3 5 7 

2 63 17 3
82 5 8 10 
70 10 2 1 
7 9 5 3 

1 8 20 3
56 6 8 
85 10 10 
60 10 4 

3 1 0 5
75 1 10 4 8 
80 5 3 5 6 
83 6 5 10 3 
10 4 5 9 5 
99 6 2 10 2 

3 73 13 6
42 3 2 5 9 
96 7 8 4 1 
57 4 6 10 10 
36 8 2 10 6 
76 6 6 10 2 
75 10 3 6 4 

3 34 16 4
54 7 4 4 3 
32 9 2 4 7 
75 2 5 7 9 
91 10 10 8 7 

1 37 13 5
8 9 1 
5 8 6 
30 9 8 
97 7 10 
49 2 4 

1 66 13 4
98 7 10 
71 8 3 
80 6 7 
77 3 8 

2 7 3 5
52 8 7 9 
75 3 2 7 
46 8 6 8 
53 9 9 9 
48 7 1 7 

2 15 17 3
44 8 5 8 
27 4 8 9 
55 8 4 5 

2 6 0 2
57 10 8 2 
87 8 10 10 

2 59 14 3
1 6 2 7 
27 6 2 8 
66 7 3 8 

2 55 18 5
68 7 8 9 
49 10 1 8 
33 5 10 2 
43 8 10 7 
97 2 9 8 

1 99 14 6
24 6 2 
87 4 7 
94 1 8 
43 10 9 
16 4 2 
51 3 8 

1 71 3 3
19 5 4 
13 3 3 
98 6 10 

1 81 1 2
97 9 10 
66 8 2 

1 96 11 4
76 2 6 
10 10 1 
54 3 1 
26 8 3 

3 70 16 3
49 2 10 10 9 
81 6 7 7 1 
61 2 7 4 8 

3 75 7 3
88 10 8 1 10 
17 2 8 4 10 
21 1 6 7 7 

1 10 6 5
77 5 6 
66 4 6 
36 10 9 
68 8 10 
88 9 6 

1 35 17 2
5 3 6 
97 3 8 

1 4 9 2
49 5 3 
38 9 7 

1 18 10 3
81 5 3 
69 6 6 
90 3 7 

2 71 13 6
64 5 5 10 
90 8 5 6 
95 2 9 8 
85 5 1 3 
22 1 3 4 
21 2 7 2 

1 89 6 3
55 1 9 
9 1 4 
49 10 10 

3 86 12 2
87 8 1 3 3 
53 7 3 3 5 

3 73 0 2
93 5 2 5 2 
10 5 8 10 2 

3 45 17 4
18 1 8 1 8 
6 9 6 1 9 
56 10 2 7 8 
53 2 2 9 10 

2 62 0 2
23 9 8 7 
14 10 2 5 

1 42 9 5
81 5 10 
46 10 7 
9 1 9 
17 9 1 
44 2 5 

1 23 18 6
12 10 1 
6 4 5 
87 5 6 
38 3 10 
84 2 5 
45 2 6 

2 47 3 6
46 1 5 8 
77 6 9 8 
15 2 4 4 
81 4 4 8 
61 7 1 2 
77 6 8 6 

2 26 0 4
20 3 6 8 
88 6 10 1 
52 1 1 3 
28 5 9 8 

2 23 6 1
6 4 7 10 

2 84 15 2
94 2 10 5 
83 1 6 9 

2 8 2 2
100 3 7 6 
88 2 3 9 

3 54 14 6
20 7 4 5 2 
50 3 3 10 7 
12 6 2 9 5 
91 10 6 2 7 
64 3 7 4 3 
62 2 5 6 8 

1 12 19 5
74 6 9 
27 6 9 
54 8 1 
85 6 2 
39 2 4 

3 48 5 3
40 2 4 5 6 
33 4 5 6 10 
89 6 3 4 6 

1 37 14 3
41 4 4 
70 8 8 
64 3 3 

3 47 9 1
85 1 4 7 9 

2 77 13 1
59 1 6 6 

3 24 12 2
33 5 2 2 8 
10 6 1 9 7 

1 87 12 2
98 5 8 
45 5 10 

1 71 9 6
87 5 1 
11 4 9 
32 4 1 
60 5 3 
35 10 5 
68 6 10 

2 96 9 5
93 8 8 1 
47 2 1 6 
44 6 2 1 
52 10 9 1 
38 4 6 10 

2 9 1 5
65 5 1 2 
37 3 8 8 
56 8 5 2 
87 2 6 1 
94 1 5 2 

2 2 7 6
75 3 1 9 
7 6 8 10 
30 9 1 4 
29 8 10 7 
80 4 1 5 
98 8 7 9 

2 84 2 2
8 7 6 5 
68 3 1 9 

3 71 13 1
69 10 6 6 10 

2 69 19 1
73 4 4 8 

3 85 20 6
83 8 5 10 3 
100 7 8 5 2 
54 3 4 3 9 
41 5 2 10 5 
49 3 8 8 2 
59 1 9 6 7 

2 5 14 3
69 3 7 4 
38 4 1 1 
36 8 2 3 

1 15 13 1
93 8 4 

3 26 8 3
2 10 2 6 2 
34 9 4 7 10 
98 4 3 2 7 

1 69 14 2
49 5 4 
77 5 2 

1 66 1 6
24 5 3 
48 4 1 
41 4 4 
97 6 10 
11 9 5 
93 5 3 

3 92 19 5
74 7 6 9 3 
55 9 3 5 2 
99 1 7 5 3 
64 8 1 5 4 
79 5 5 8 4 

1 65 8 1
14 5 6 

1 58 18 4
88 9 7 
68 5 10 
30 3 1 
98 6 2 

1 61 14 3
11 10 2 
40 5 9 
34 3 9 

1 86 3 3
10 3 9 
83 9 10 
91 7 2 

2 86 9 1
5 6 10 8 

1 18 20 2
54 4 7 
66 7 10 

3 24 7 4
54 8 8 7 10 
6 1 1 1 6 
1 2 2 6 1 
32 7 9 10 6 

2 98 15 5
46 3 6 9 
44 4 7 9 
30 1 4 8 
80 2 6 8 
75 7 6 6 

3 80 10 1
56 7 10 6 1 

2 40 12 5
89 6 3 2 
58 10 8 2 
85 4 5 1 
69 10 4 3 
52 6 5 10 

1 31 17 5
24 8 7 
93 2 7 
31 1 5 
74 1 4 
42 9 6 

1 1 12 6
93 9 1 
33 2 2 
11 6 10 
35 3 9 
1 3 2 
92 8 3 

2 61 5 4
72 4 8 5 
54 9 1 4 
76 6 4 6 
36 9 5 7 

3 64 2 1
67 10 2 8 6 

3 62 11 5
6 4 9 2 10 
31 6 4 4 9 
50 5 8 5 6 
30 3 4 3 1 
12 9 3 10 1 

2 89 11 3
66 2 2 8 
51 2 6 9 
92 3 5 4 

2 60 4 1
43 4 6 1 

1 16 17 5
94 6 5 
53 2 9 
87 3 8 
52 5 5 
6 5 1 

3 71 16 5
90 9 8 2 1 
46 4 6 8 10 
54 5 6 4 6 
88 9 5 5 6 
97 3 10 9 3 

3 17 12 3
91 2 3 5 1 
91 8 10 6 9 
54 1 8 3 7 

1 18 15 2
18 1 4 
48 6 4 

2 25 8 2
14 10 8 4 
47 2 6 7 

3 81 10 5
72 10 3 1 4 
46 5 7 10 8 
84 6 9 7 7 
63 5 4 1 6 
87 4 9 8 6 

2 50 0 3
4 5 8 10 
6 1 9 10 
74 1 1 5 

3 21 9 1
79 1 8 7 2 

3 36 16 1
92 5 4 5 4 

3 88 4 5
56 8 10 4 3 
3 6 2 5 1 
66 7 3 1 6 
79 2 8 10 4 
16 8 1 2 10 

3 92 15 3
52 10 2 3 3 
52 3 6 3 9 
86 5 2 7 10 

2 98 5 4
15 5 8 2 
40 6 1 4 
15 8 5 1 
60 10 3 2 

2 19 11 3
5 6 5 7 
3 8 6 5 
38 6 3 1 

3 94 11 4
45 4 9 5 1 
49 3 5 1 9 
12 4 8 3 6 
80 1 8 1 9 

3 54 5 5
28 5 8 6 9 
47 10 1 10 3 
43 7 4 9 8 
43 2 3 8 2 
93 9 6 8 6 

1 22 17 5
52 1 7 
33 7 3 
90 7 8 
85 10 6 
56 6 7 

1 33 5 5
44 4 7 
93 1 1 
16 2 10 
48 5 5 
29 7 8 

1 34 7 1
43 10 8 

2 92 19 6
36 4 5 9 
63 2 1 10 
80 8 2 8 
98 6 5 7 
18 8 2 2 
20 9 1 5 

1 86 11 5
29 3 8 
68 1 8 
26 3 7 
65 10 3 
5 10 5 

2 14 10 5
2 1 10 2 
27 4 9 1 
83 10 2 4 
82 9 6 4 
29 3 10 9 

2 47 12 3
53 9 3 3 
50 5 5 1 
61 5 10 6 

3 1 18 6
17 2 9 7 1 
75 8 5 2 7 
1 6 7 10 10 
11 10 8 3 6 
54 7 4 7 5 
51 1 5 8 1 

1 24 0 1
17 3 3 

3 2 9 3
80 9 8 9 3 
68 6 8 6 3 
2 7 2 9 1 

1 40 19 5
66 6 5 
100 4 9 
93 5 3 
13 5 5 
4 8 5 

1 9 14 4
22 2 6 
99 8 3 
31 1 1 
70 10 7 

3 76 11 5
16 6 3 7 3 
5 10 2 6 1 
81 3 4 7 9 
84 1 5 1 10 
42 9 6 7 8 

1 77 6 5
7 9 10 
12 10 4 
19 10 6 
57 8 5 
7 5 2 

1 29 5 1
76 4 2 

2 98 2 4
91 6 1 8 
96 9 9 9 
40 7 5 9 
38 5 4 7 

3 6 12 4
2 6 8 10 8 
76 2 3 1 5 
95 5 8 6 3 
25 1 10 2 10 

2 83 19 3
66 1 1 4 
92 8 8 9 
8 1 8 10 

2 70 3 2
47 4 5 4 
30 3 8 10 

2 68 9 1
9 9 9 4 

1 48 5 1
54 6 7 

1 86 3 2
20 7 2 
50 7 1 

2 35 5 5
41 7 9 6 
100 8 9 1 
6 7 5 4 
2 6 9 5 
36 1 7 2 

1 37 13 1
65 5 7 

3 6 15 6
50 5 1 5 4 
66 2 2 7 5 
39 3 5 7 7 
78 2 5 9 7 
29 5 5 9 4 
94 5 10 3 9 

2 36 7 1
78 6 10 3 

1 71 11 3
49 2 4 
45 2 9 
33 9 4 

3 82 9 5
95 3 7 9 1 
27 4 3 2 4 
80 3 7 4 1 
64 8 7 3 2 
91 9 3 4 9 

1 41 6 6
35 1 9 
97 10 3 
69 4 5 
11 2 10 
13 8 3 
23 9 8 

1 67 17 3
64 3 10 
56 3 1 
90 5 3 

2 74 10 1
4 8 9 10 

3 39 17 4
52 6 1 8 8 
61 7 2 9 1 
52 4 3 7 6 
29 3 9 9 7 

1 45 10 2
58 9 1 
50 5 3 

1 29 4 4
71 4 9 
39 10 7 
3 6 1 
11 6 2 

1 54 5 6
100 2 9 
32 9 7 
31 8 2 
65 4 1 
22 8 1 
65 3 3 

1 32 17 5
43 9 6 
58 2 1 
17 4 2 
12 1 10 
25 4 10 

1 64 16 2
30 5 3 
26 7 4 

2 5 7 3
21 5 8 6 
54 9 1 9 
12 4 2 4 

2 3 4 6
52 1 1 5 
70 8 9 7 
95 2 7 8 
17 2 3 3 
12 8 9 8 
25 6 7 8 

2 49 11 5
35 5 9 1 
97 3 1 7 
71 10 1 3 
20 10 4 5 
74 6 7 4 

3 46 1 6
55 1 8 10 1 
75 6 4 3 5 
50 10 7 8 8 
11 1 7 9 6 
45 9 5 9 5 
54 9 3 4 9 

1 70 18 4
52 9 10 
7 10 2 
38 10 10 
79 7 6 

2 26 7 6
67 2 10 9 
36 5 10 5 
39 1 3 7 
3 4 8 10 
4 8 2 2 
44 8 2 2 

1 87 1 5
19 10 10 
44 7 9 
50 8 5 
95 7 10 
3 9 5 

1 58 3 2
30 2 1 
38 8 3 

1 22 19 4
87 9 9 
20 7 2 
53 2 4 
35 2 7 

3 11 3 2
18 4 8 8 2 
37 3 6 5 2 

2 97 3 2
69 3 7 4 
33 3 7 2 

1 29 8 2
41 4 9 
26 5 1 

3 8 16 1
63 7 7 5 8 

2 21 8 1
17 2 8 6 

3 50 6 1
52 2 10 5 3 

1 68 15 1
45 6 5 

3 48 1 2
72 7 4 7 8 
39 6 10 5 2 

3 68 12 4
33 2 8 7 9 
70 4 7 7 9 
79 5 9 2 3 
48 6 4 4 9 

1 73 4 4
17 2 7 
7 10 1 
67 6 1 
81 5 3 

2 70 6 6
63 4 7 3 
64 3 1 4 
54 2 9 2 
12 2 4 3 
95 2 3 5 
85 9 9 1 

1 85 12 4
84 10 8 
47 4 4 
41 6 4 
57 5 3 

3 62 10 6
95 8 1 1 6 
21 8 9 2 4 
75 10 4 1 5 
41 6 3 2 4 
26 6 8 2 6 
41 6 7 2 6 

3 85 1 6
61 4 7 2 5 
13 3 4 5 5 
9 6 4 6 2 
75 1 4 9 5 
53 9 6 3 5 
84 8 9 10 2 

3 91 11 1
55 7 7 8 1 

2 99 0 6
9 10 1 5 
60 8 6 3 
30 1 10 4 
43 6 7 7 
55 8 4 8 
5 7 8 1 

2 65 18 5
68 3 8 5 
97 5 5 2 
59 9 3 8 
47 2 2 5 
97 10 3 10 

2 58 1 1
68 9 6 10 

1 54 1 5
10 10 4 
65 1 9 
77 3 6 
63 9 6 
68 9 10 

1 45 7 6
58 9 9 
98 7 1 
43 5 4 
99 3 2 
23 1 5 
18 10 2 

1 9 8 2
62 8 2 
69 3 2 

1 98 19 3
1 6 4 
77 7 9 
46 9 8 

1 86 7 6
39 9 2 
11 8 3 
13 6 3 
74 5 9 
59 1 3 
31 8 8 

1 79 11 4
45 2 4 
24 3 4 
15 6 5 
17 3 2 

2 4 8 3
52 10 8 4 
72 5 4 2 
37 5 6 3 

2 88 10 2
24 6 6 9 
66 5 6 2 

3 84 8 4
50 5 10 4 8 
65 1 2 2 8 
53 1 8 6 5 
85 1 7 6 5 

3 29 9 4
79 3 1 1 9 
35 1 7 3 8 
81 7 1 9 1 
67 1 10 1 10 

2 59 0 4
80 3 5 9 
50 3 7 1 
52 4 2 8 
99 4 1 3 

2 91 11 2
49 10 2 3 
50 4 7 6 

1 69 4 5
87 9 6 
89 9 3 
42 5 7 
84 5 7 
44 3 9 

1 94 12 5
41 8 4 
59 1 2 
76 6 6 
85 9 8 
37 2 5 

1 92 8 2
62 9 9 
100 6 6 

3 31 15 2
64 2 2 1 9 
10 8 5 10 6 

2 90 8 2
58 1 5 8 
85 6 2 5 

1 41 10 5
100 10 4 
26 3 10 
66 7 5 
38 2 3 
30 10 5 

1 88 1 4
67 2 9 
68 1 6 
63 4 3 
86 3 10 

2 92 6 3
8 1 10 1 
50 2 10 6 
40 5 3 5 

1 91 18 2
22 5 7 
85 9 6 

2 87 4 4
45 7 2 1 
97 5 1 2 
11 4 7 9 
86 6 7 8 

2 88 5 3
1 10 7 4 
42 2 1 4 
86 2 2 4 

3 74 19 1
59 10 5 4 8 

1 26 15 2
91 6 7 
83 4 8 

1 97 13 5
89 3 10 
15 5 1 
51 7 10 
35 10 10 
84 5 1 

2 16 6 4
37 1 8 10 
89 7 4 1 
71 1 6 2 
86 9 8 5 

3 25 13 1
74 9 3 7 9 

3 93 16 4
30 2 1 4 5 
46 5 8 3 1 
90 10 1 6 7 
53 7 9 10 4 

1 39 16 4
29 7 10 
78 8 5 
43 3 7 
5 10 1 

3 85 0 1
77 10 5 2 4 

3 90 13 6
51 1 8 5 5 
11 1 1 6 6 
25 9 3 5 5 
2 8 7 4 9 
59 1 7 10 5 
59 2 5 8 4 

2 93 11 5
26 7 3 9 
71 1 5 6 
29 4 8 7 
19 9 4 3 
77 5 10 6 

3 5 19 1
46 10 7 1 1 

1 50 17 3
51 4 3 
6 4 5 
68 5 3 

3 7 4 1
7 4 7 2 6 

1 25 8 1
13 2 2 

2 83 10 3
54 10 7 7 
68 10 7 4 
89 5 2 10 

3 35 17 2
62 10 1 2 4 
46 10 8 3 1 

3 95 14 5
59 6 8 2 5 
80 1 9 9 6 
23 10 3 8 4 
32 2 8 2 8 
97 7 2 4 3 

2 18 17 6
53 6 1 2 
1 2 3 6 
47 6 4 9 
63 4 2 10 
73 3 6 1 
55 5 8 8 

2 37 12 5
7 3 10 4 
75 7 7 6 
63 8 1 4 
36 7 7 3 
48 2 2 2 

1 92 0 4
27 3 1 
11 3 9 
51 5 7 
23 7 1 

3 12 2 3
82 2 9 7 7 
3 9 5 6 7 
78 8 6 2 6 

2 52 12 3
37 7 10 8 
27 4 1 4 
7 3 2 1 

1 70 10 3
40 1 2 
50 6 2 
99 5 8 

2 10 0 4
1 1 5 8 
76 5 10 9 
83 3 6 8 
27 3 8 5 

2 55 1 2
20 9 1 2 
94 9 1 8 

3 40 15 1
29 8 5 4 2 

3 60 16 6
72 4 5 4 1 
86 3 2 9 9 
13 1 2 6 10 
48 10 3 3 1 
1 7 5 9 7 
16 8 1 7 1 

1 27 7 2
13 8 10 
23 10 2 

2 93 11 1
59 1 10 9 

2 57 5 1
69 6 1 1 

3 97 9 4
38 9 7 5 1 
28 7 5 9 6 
52 10 10 3 6 
37 8 3 10 3 

2 11 13 5
57 6 6 7 
69 3 4 8 
81 1 1 8 
21 7 7 10 
9 6 8 7 

3 80 15 2
87 10 8 6 7 
2 5 9 10 4 

1 25 19 5
24 9 7 
38 3 5 
57 3 1 
90 2 2 
11 8 7 

3 30 3 5
93 6 1 3 7 
84 10 10 2 8 
29 9 10 5 7 
68 4 5 2 5 
94 2 9 7 8 

1 49 13 2
64 1 1 
78 10 8 

3 33 13 2
49 9 8 8 6 
92 8 3 7 7 

3 33 18 5
88 7 4 8 4 
67 6 5 2 10 
50 5 10 3 1 
48 6 6 1 4 
76 9 10 2 1 

1 22 10 6
31 8 10 
86 10 4 
70 9 10 
27 1 2 
28 4 1 
93 10 1 

3 5 11 3
23 6 8 10 5 
2 5 9 9 7 
84 7 4 9 9 

3 63 10 1
93 7 5 3 4 

1 8 8 2
57 1 7 
63 2 3 

3 96 19 4
56 10 2 10 2 
80 10 7 3 2 
65 1 4 5 7 
15 10 8 10 7 

3 18 19 2
73 3 3 8 10 
45 5 5 6 10 

3 81 5 1
13 1 2 5 2 

2 48 6 2
59 3 3 8 
5 2 7 9 

2 91 11 3
37 9 10 1 
57 4 4 8 
61 9 2 9 

1 17 16 4
22 3 7 
94 6 10 
29 5 1 
25 7 8 

2 7 13 1
39 6 5 6 

2 52 17 1
10 5 2 4 

3 2 20 2
92 1 1 9 3 
61 6 9 2 4 

3 16 19 6
76 10 6 8 3 
15 2 1 4 6 
73 8 5 9 7 
48 1 7 1 3 
40 7 7 5 10 
99 4 7 1 3 

2 45 13 5
8 9 2 8 
51 6 1 5 
37 10 7 7 
68 2 8 9 
44 2 8 6 

1 56 14 4
26 4 7 
73 3 9 
79 10 4 
56 3 2 

1 37 15 4
76 4 4 
44 8 10 
34 1 1 
97 1 9 

1 71 18 5
34 2 5 
5 2 6 
62 7 1 
25 5 10 
20 4 5 

1 5 17 6
96 5 9 
19 9 5 
21 5 4 
10 10 7 
61 7 3 
1 8 2 

2 2 18 6
19 2 3 7 
31 2 4 1 
35 1 2 10 
6 4 3 8 
75 9 5 3 
58 7 10 6 

2 23 13 4
1 3 5 6 
99 4 1 3 
60 4 10 4 
36 6 5 2 

1 65 8 4
13 10 1 
34 1 7 
90 4 9 
12 1 7 

3 32 0 5
14 9 6 3 4 
75 6 10 7 5 
28 3 4 9 2 
40 9 1 3 4 
44 9 8 8 9 

2 97 4 3
95 1 3 8 
67 6 5 8 
62 1 10 1 

2 25 15 3
31 7 6 3 
13 8 6 8 
92 3 5 9 

2 7 1 3
7 5 10 8 
81 7 4 5 
4 4 4 1 

1 69 19 6
33 6 2 
24 1 10 
72 3 7 
9 3 6 
96 6 10 
16 7 9 

1 61 8 2
25 3 7 
52 7 1 

2 78 8 2
6 4 3 9 
27 6 4 6 

1 96 15 6
6 4 5 
79 6 1 
85 6 10 
86 8 8 
44 3 10 
67 10 3 

2 23 19 5
10 3 1 1 
57 5 1 8 
47 1 1 1 
53 7 3 5 
76 2 8 2 

3 7 5 6
5 8 6 9 10 
90 3 8 1 6 
49 4 1 2 10 
49 10 3 9 6 
42 7 3 3 10 
89 3 10 2 5 

1 83 11 2
49 5 6 
94 3 7 

1 89 14 6
24 6 2 
44 9 5 
81 6 5 
67 5 4 
31 1 8 
49 10 2 

3 21 2 1
78 8 8 1 2 

1 85 12 5
92 9 3 
92 8 7 
15 8 5 
64 5 4 
42 10 10 

2 41 16 6
79 5 8 5 
34 2 8 2 
74 10 1 10 
27 5 10 7 
60 6 4 3 
61 6 4 2 

2 31 10 3
82 3 3 10 
14 8 5 6 
6 8 5 10 

3 4 1 1
97 8 1 3 1 

1 59 11 5
13 10 4 
60 5 10 
35 1 10 
60 3 2 
80 4 6 

2 20 7 5
30 8 9 2 
100 3 2 6 
99 9 8 3 
100 10 9 4 
66 2 6 4 

2 33 16 6
74 10 1 4 
28 3 4 2 
8 1 1 1 
29 6 4 9 
27 4 3 6 
51 10 2 1 

2 84 5 6
99 2 7 2 
97 9 6 10 
85 9 4 7 
25 10 6 10 
56 7 4 1 
51 8 7 1 

1 35 7 5
79 10 10 
89 5 7 
86 9 6 
98 8 7 
7 1 4 

1 95 14 4
9 6 4 
18 3 4 
45 8 10 
38 7 10 

2 10 20 5
37 7 10 7 
98 3 8 2 
10 7 6 6 
28 5 6 2 
62 4 10 6 

1 95 15 5
49 6 4 
53 9 1 
58 8 1 
72 1 7 
2 8 10 

1 100 20 3
93 4 2 
1 2 2 
76 5 10 

3 24 2 5
82 3 8 7 2 
47 6 7 3 6 
16 7 2 10 3 
7 2 7 3 10 
36 2 9 5 8 

1 81 2 5
34 9 8 
73 9 6 
14 6 5 
99 4 3 
41 8 3 

1 47 7 4
45 10 10 
99 10 3 
83 8 1 
83 9 9 

3 61 18 6
87 2 5 8 4 
75 5 4 9 4 
33 1 6 7 9 
67 10 9 6 2 
47 7 3 8 1 
46 2 3 5 4 

1 3 13 3
35 7 3 
90 2 1 
100 8 5 

3 61 19 1
31 5 8 3 7 

1 30 8 2
69 2 1 
67 2 8 

2 86 6 5
96 9 1 6 
79 1 3 6 
6 2 3 3 
69 9 5 7 
39 10 6 3 

1 59 11 5
98 6 1 
35 4 7 
34 2 2 
15 4 5 
46 6 7 

1 37 14 5
57 9 7 
12 10 9 
78 7 3 
72 2 6 
6 8 9 

3 5 17 5
28 7 3 3 2 
15 5 9 9 8 
73 6 3 6 9 
26 3 3 8 7 
4 1 9 9 7 

2 51 13 5
16 5 7 10 
39 2 10 1 
74 2 2 3 
66 9 5 9 
17 5 3 8 

1 28 11 2
59 6 9 
35 10 1 

3 84 11 1
64 10 2 8 8 

3 15 3 6
66 4 7 5 9 
42 7 3 7 1 
3 7 9 5 5 
20 2 7 3 3 
26 8 1 7 3 
39 10 2 4 5 

2 47 12 4
62 6 2 6 
33 7 1 10 
85 7 9 10 
8 9 4 7 

2 95 5 1
20 3 5 2 

3 11 7 5
68 2 6 5 9 
51 9 9 7 4 
24 8 4 4 9 
70 9 7 5 9 
26 3 4 10 4 

2 5 20 4
88 3 7 6 
99 9 10 5 
77 6 8 8 
4 3 9 4 

1 100 14 2
13 8 6 
63 7 1 

3 87 15 2
46 6 2 6 9 
96 5 7 4 9 

2 83 13 5
70 5 5 5 
39 9 7 7 
57 2 1 2 
9 8 10 2 
84 7 1 5 

3 65 9 4
56 9 9 7 9 
73 5 10 9 7 
23 7 2 2 8 
1 3 7 9 7 

1 1 12 1
31 5 5 

2 7 17 4
52 7 1 8 
32 1 8 7 
2 8 2 1 
54 2 10 2 

1 15 10 1
30 1 7 

1 38 11 4
16 5 2 
18 10 3 
58 10 5 
26 10 4 

3 15 19 1
28 10 9 10 5 

1 46 2 2
49 5 6 
59 9 9 

1 28 15 3
64 10 5 
95 1 6 
81 5 1 

1 77 15 4
32 10 6 
76 2 2 
59 10 5 
26 5 2 

3 48 4 3
64 3 6 5 9 
61 9 7 1 3 
8 1 7 9 9 

1 44 5 4
61 1 6 
71 9 7 
53 5 4 
98 9 6 

3 85 9 4
47 3 6 3 3 
32 9 1 7 4 
94 3 1 5 8 
3 7 4 8 2 

1 44 9 4
40 2 1 
28 9 10 
71 3 7 
26 4 9 

3 30 17 3
72 1 9 3 2 
53 3 10 3 4 
34 8 7 9 10 

2 84 17 5
58 1 3 9 
84 9 2 2 
69 7 2 5 
22 1 6 6 
92 2 10 1 

3 75 16 5
99 9 5 3 1 
22 6 8 2 8 
16 1 10 1 2 
100 7 2 6 7 
32 1 7 2 9 

3 80 11 1
32 3 10 3 3 

2 87 0 3
78 4 4 9 
11 7 10 10 
6 2 1 5 

1 92 10 4
73 9 1 
81 1 4 
91 1 4 
93 5 2 

2 26 16 1
63 7 4 4 

1 93 1 6
61 8 2 
53 8 5 
95 5 5 
75 4 1 
30 10 8 
76 9 7 

3 44 14 1
44 6 7 8 8 

1 17 15 2
23 1 5 
38 2 3 

1 95 15 6
54 3 8 
60 1 9 
10 5 4 
2 7 1 
20 8 5 
45 1 6 

2 64 15 6
38 4 9 4 
69 10 10 10 
86 3 4 2 
59 6 5 4 
26 3 5 8 
19 2 3 4 

2 48 7 2
15 10 6 4 
80 2 7 4 

3 77 4 4
40 10 10 6 10 
57 10 9 1 7 
58 3 3 1 8 
38 2 5 10 2 

2 87 15 3
99 7 2 8 
92 5 2 9 
16 7 4 8 

2 85 12 4
90 2 2 1 
26 1 9 8 
66 2 1 9 
28 3 6 8 

1 18 15 2
67 6 5 
51 7 4 

3 45 0 5
9 5 2 9 4 
90 9 5 7 5 
77 3 6 9 10 
46 10 5 7 8 
41 5 3 7 3 

2 88 10 4
75 3 8 8 
97 7 9 6 
13 7 9 6 
30 10 6 6 

1 7 2 3
61 1 2 
36 2 10 
56 9 10 

2 17 13 1
82 7 4 5 

3 50 15 3
75 1 8 5 6 
39 1 3 4 5 
94 6 3 4 1 

2 39 15 4
86 2 4 2 
68 4 4 8 
94 4 6 4 
38 7 10 7 

2 33 19 1
33 8 6 8 

1 73 11 5
13 7 6 
2 6 3 
10 3 10 
77 8 3 
60 9 6 

1 60 1 4
6 4 7 
25 3 4 
14 9 10 
47 1 10 

3 5 0 6
6 4 6 8 8 
80 6 3 2 10 
44 3 7 3 5 
39 8 6 6 8 
52 10 8 4 3 
13 6 4 8 8 

2 98 3 6
8 6 7 8 
38 9 6 8 
58 10 7 7 
49 8 8 9 
70 1 6 4 
12 7 4 9 

1 68 20 2
88 1 6 
10 9 1 

3 18 0 1
58 4 2 9 2 

2 93 18 1
20 2 1 3 

2 69 16 2
34 10 10 3 
8 2 10 6 

3 19 20 4
19 3 4 8 3 
35 5 10 4 10 
82 9 8 2 4 
24 9 4 6 3 

1 4 1 1
11 1 9 

2 10 14 3
23 4 7 4 
5 2 2 7 
18 6 4 3 

3 57 5 3
96 10 4 1 9 
4 3 8 6 8 
8 2 8 8 5 

2 7 18 6
13 1 8 1 
85 2 2 2 
9 9 8 6 
79 10 2 2 
69 10 2 8 
47 2 6 6 

2 26 10 4
97 4 7 9 
56 9 10 1 
16 7 3 9 
37 6 5 4 

1 1 0 5
31 6 6 
45 6 1 
25 3 2 
38 10 10 
84 3 3 

3 78 8 6
6 9 3 8 8 
12 2 7 5 5 
92 8 6 4 7 
55 7 1 2 2 
96 5 1 4 5 
38 8 6 3 3 

1 46 7 1
29 6 9 

3 64 20 2
93 5 10 3 4 
59 3 4 1 7 

2 63 14 6
89 1 2 1 
38 3 1 10 
68 6 10 3 
57 8 10 1 
60 4 9 5 
61 6 10 1 

3 62 8 3
15 6 6 5 8 
36 10 9 6 5 
57 3 2 2 3 

3 70 3 1
39 5 3 2 4 

1 66 13 4
71 10 1 
13 1 8 
96 8 8 
40 5 4 

1 29 10 6
55 1 10 
54 5 10 
91 9 6 
77 5 8 
65 10 2 
35 8 3 

2 69 5 6
19 9 1 5 
7 1 6 9 
40 7 9 3 
50 3 7 2 
68 6 9 2 
87 2 5 6 

2 13 11 2
46 6 6 2 
77 9 8 5 

2 44 4 6
65 8 8 2 
37 8 7 8 
89 9 4 8 
1 6 10 10 
10 10 10 3 
48 2 8 10 

2 58 6 4
21 3 1 2 
71 6 5 5 
51 4 5 7 
63 6 2 8 

1 9 16 4
3 3 1 
36 5 9 
49 8 9 
3 7 7 

2 83 20 5
29 2 7 10 
80 6 1 9 
13 10 2 5 
32 8 8 1 
86 7 10 8 

3 95 7 5
87 1 10 8 6 
10 2 1 8 8 
99 1 7 10 2 
54 9 4 9 3 
64 9 9 8 7 

2 43 11 1
80 6 7 9 

1 75 17 4
56 9 1 
13 10 1 
20 8 3 
11 8 9 

3 36 14 2
56 2 8 6 4 
91 7 2 6 2 

2 31 14 4
70 5 7 10 
13 7 8 4 
43 8 3 7 
93 7 5 1 

3 36 2 1
93 6 2 8 1 

1 75 17 3
15 4 10 
60 7 5 
16 4 7 

1 13 15 4
31 5 3 
21 1 2 
28 2 6 
18 3 4 

3 39 6 6
59 4 1 6 10 
97 9 2 5 4 
9 9 4 8 4 
100 9 3 1 7 
83 3 3 10 7 
63 8 5 9 3 

3 20 17 1
86 3 9 6 9 

3 85 12 2
60 5 1 6 9 
28 5 10 4 1 

3 72 3 4
68 9 10 8 6 
23 8 8 3 5 
2 10 10 2 1 
7 3 7 10 1 

3 62 9 3
50 5 7 4 3 
1 5 1 5 4 
68 2 6 8 9 

1 13 1 2
83 7 3 
18 2 3 

2 56 3 4
53 1 2 7 
31 9 5 10 
13 2 2 10 
48 7 9 10 

2 75 16 2
87 5 5 10 
77 8 6 5 

1 97 3 2
61 10 3 
76 2 1 

2 37 17 1
59 6 1 2 

3 45 9 5
97 7 9 9 5 
11 2 10 6 2 
40 1 5 8 4 
59 6 9 3 4 
83 6 2 5 8 

2 93 0 6
60 6 5 3 
51 10 8 1 
29 9 2 7 
25 7 6 4 
35 8 7 4 
79 2 7 3 

1 99 18 5
25 8 5 
80 1 2 
39 10 1 
90 10 5 
90 1 10 

2 27 18 3
96 5 1 4 
57 7 1 10 
46 9 5 4 

2 66 20 4
98 6 5 7 
19 9 6 3 
98 1 5 3 
64 4 1 8 

1 43 4 6
59 7 1 
59 3 2 
42 9 10 
31 7 7 
54 1 2 
4 9 4 

3 67 18 6
95 2 10 1 2 
79 1 9 6 3 
35 1 7 6 8 
80 7 9 4 9 
85 10 10 1 5 
70 4 10 8 6 

2 78 10 4
94 7 8 5 
8 10 4 5 
32 1 4 3 
14 3 7 6 

1 47 19 3
74 6 6 
48 4 8 
90 10 9 

3 20 5 4
74 5 7 9 2 
12 3 3 7 2 
95 3 9 8 5 
5 3 5 6 9 

3 84 15 6
46 4 5 8 10 
75 7 2 8 5 
18 8 3 5 9 
72 1 1 2 6 
64 3 4 7 4 
41 3 2 1 6 

2 50 1 5
93 8 4 6 
25 2 1 10 
67 9 8 1 
11 10 9 10 
7 1 1 5 

2 7 20 5
22 1 10 10 
41 6 2 5 
82 5 5 8 
53 6 5 3 
48 9 2 9 

3 60 11 4
3 8 1 8 9 
97 9 2 5 1 
78 2 10 5 5 
56 8 6 8 3 

2 31 16 3
59 10 3 8 
79 6 2 6 
32 3 8 9 

1 49 10 6
89 8 6 
23 8 8 
52 4 10 
94 10 5 
7 4 1 
71 8 8 

3 63 11 4
17 10 10 5 3 
84 4 7 4 7 
77 5 2 9 8 
25 7 2 7 9 

2 19 17 6
50 1 8 4 
19 4 6 2 
78 10 9 2 
61 8 9 5 
99 9 6 3 
97 2 8 3 

1 97 15 5
67 9 7 
22 6 4 
95 2 8 
84 1 6 
64 9 3 

2 44 8 2
53 9 6 8 
10 3 5 7 

1 2 15 6
21 6 5 
38 2 1 
36 6 8 
67 2 10 
49 2 2 
17 2 5 

3 10 8 6
57 4 10 2 3 
42 5 4 1 9 
97 2 3 9 3 
52 2 4 3 5 
71 9 1 2 3 
35 5 8 7 9 

1 85 7 6
46 9 7 
44 7 8 
70 2 9 
50 10 4 
15 7 7 
59 6 4 

3 90 1 1
47 4 5 7 2 

2 32 4 4
71 6 4 7 
28 1 2 2 
19 1 8 7 
59 9 4 2 

3 65 9 3
79 7 6 7 6 
67 1 2 9 4 
48 10 10 10 6 

1 61 2 5
24 9 4 
99 9 9 
85 2 4 
18 1 4 
8 9 7 

1 79 20 3
42 8 5 
62 2 7 
10 4 3 

1 73 18 5
89 3 4 
56 5 1 
62 9 2 
43 7 6 
76 9 10 

2 47 19 2
42 1 6 5 
92 2 9 8 

1 20 4 6
29 2 3 
84 6 9 
90 9 4 
85 7 5 
56 7 10 
15 6 8 

1 33 6 5
30 5 3 
63 8 6 
17 2 5 
15 7 2 
75 7 9 

2 68 6 5
66 10 1 6 
63 1 4 2 
74 9 4 7 
67 8 4 9 
22 9 10 9 

3 4 3 6
99 10 7 7 10 
66 10 6 6 8 
57 10 5 8 3 
52 3 1 3 2 
18 1 8 9 8 
35 5 4 3 5 

1 90 20 1
71 3 6 

1 2 19 6
70 10 4 
69 10 9 
67 8 4 
16 3 6 
34 9 3 
85 7 10 

1 30 19 5
9 1 1 
60 4 3 
2 1 8 
33 4 5 
48 6 9 

3 19 13 3
77 4 9 7 6 
33 10 2 1 4 
14 3 8 7 5 

1 38 10 6
40 1 7 
64 6 10 
22 7 9 
47 6 4 
75 2 1 
17 8 5 

2 57 4 6
44 2 7 8 
17 2 2 3 
76 2 1 8 
57 5 6 2 
57 5 6 3 
34 2 7 7 

2 22 11 2
60 1 5 2 
61 10 1 7 

1 36 17 4
100 5 1 
93 1 4 
95 3 7 
36 8 6 

1 34 10 5
79 3 6 
82 8 10 
29 5 7 
2 4 9 
50 10 3 

3 88 20 4
44 7 7 2 3 
40 5 5 10 2 
45 5 3 4 3 
94 3 2 2 8 

2 31 12 3
96 10 5 3 
95 7 8 2 
55 1 4 2 

1 10 14 3
67 6 10 
16 5 4 
74 7 1 

3 88 7 1
24 8 2 8 10 

2 96 1 5
40 7 8 9 
63 4 1 9 
44 9 10 2 
83 5 3 5 
90 5 5 4 

1 21 13 3
61 10 10 
52 3 6 
90 10 2 

3 88 5 4
100 4 5 10 8 
100 3 4 10 6 
5 4 6 2 4 
61 6 4 2 10 

3 11 12 5
52 1 2 9 2 
21 5 2 3 3 
95 10 3 1 8 
55 5 3 2 4 
22 2 6 4 8 

1 97 7 5
97 7 2 
31 2 7 
8 3 9 
84 9 9 
34 5 9 

2 95 18 5
74 1 2 5 
84 10 6 7 
96 4 8 6 
99 10 2 7 
76 1 9 10 

3 36 8 5
74 2 5 2 1 
67 9 2 8 4 
61 3 3 7 1 
26 9 9 9 9 
89 6 7 7 7 

1 39 9 4
74 5 1 
68 10 8 
28 5 1 
23 6 4 

1 63 14 6
5 10 1 
98 7 9 
27 10 4 
75 7 4 
87 2 9 
8 1 2 

3 49 18 2
75 1 6 1 8 
44 10 5 6 5 

3 39 12 3
11 5 2 9 4 
2 2 9 6 6 
44 8 5 6 8 

3 57 7 4
85 1 7 1 7 
12 9 1 7 10 
85 7 2 6 10 
29 10 6 4 2 

1 100 13 5
70 5 1 
61 6 7 
56 10 6 
92 5 6 
43 9 8 

2 8 11 5
40 3 9 8 
76 1 10 6 
8 9 2 4 
66 9 9 10 
55 3 3 8 

1 94 10 2
76 9 4 
34 7 2 

1 86 10 3
76 2 5 
70 2 9 
58 8 9 

1 51 13 5
70 3 8 
89 1 3 
55 3 10 
91 7 6 
47 4 10 

3 69 19 4
29 1 5 8 5 
95 2 6 1 4 
49 4 7 1 4 
79 4 9 3 4 

1 82 20 6
81 8 5 
31 7 10 
67 8 4 
48 5 4 
44 10 5 
41 5 9 

2 53 17 5
56 8 1 9 
42 8 5 8 
59 6 5 1 
90 6 7 9 
27 8 10 3 

1 30 10 1
11 5 1 

3 7 12 3
17 3 9 1 4 
37 4 9 10 6 
90 7 1 8 10 

1 50 20 3
18 9 8 
93 2 4 
27 7 5 

1 71 6 6
25 7 10 
69 6 6 
96 5 5 
65 8 5 
32 10 7 
26 1 2 

2 60 14 3
85 5 10 10 
79 7 6 7 
24 4 7 1 

1 50 3 4
3 7 9 
1 2 3 
38 2 10 
4 1 5 

3 87 5 6
74 6 9 10 1 
52 5 6 9 9 
39 2 6 9 4 
35 4 2 3 2 
1 9 1 1 5 
31 6 4 8 2 

1 4 5 5
66 3 2 
50 3 9 
55 4 8 
49 4 6 
89 10 4 

3 48 1 3
65 8 2 1 10 
9 5 7 2 8 
78 6 6 1 9 

3 82 2 1
10 9 6 3 6 

3 30 17 3
13 8 4 8 3 
42 5 4 1 10 
29 8 3 1 7 

2 66 1 4
11 3 4 8 
62 2 8 1 
36 3 8 10 
34 6 9 8 

3 94 18 4
73 2 1 3 5 
70 10 4 7 3 
49 1 1 6 3 
90 4 6 4 9 

2 19 12 6
73 10 10 7 
8 9 6 5 
31 7 4 5 
55 10 10 5 
3 4 10 4 
21 8 10 10 

3 35 9 5
14 8 1 4 4 
33 7 1 5 10 
53 6 10 10 9 
87 4 8 6 7 
54 3 5 10 2 

3 2 6 2
39 3 9 1 8 
91 2 2 2 1 

1 71 17 2
34 10 2 
37 7 3 

1 57 14 2
38 2 9 
75 8 6 

3 28 9 1
93 4 8 1 10 

2 92 18 1
55 3 10 5 

3 60 16 5
25 8 5 2 1 
98 7 1 4 10 
34 5 3 1 3 
94 7 1 4 1 
11 9 9 9 1 

1 45 17 4
48 7 9 
63 1 1 
6 5 3 
91 5 2 

1 39 1 3
8 2 9 
94 7 3 
43 1 10 

3 44 20 4
1 4 8 1 3 
73 4 1 5 5 
51 4 5 5 6 
90 8 4 6 6 

3 71 15 1
55 4 9 2 9 

2 33 3 1
31 9 3 1 

1 47 19 4
8 7 10 
47 2 10 
77 10 6 
51 3 1 

1 12 18 3
15 3 5 
48 10 6 
17 9 9 

1 80 7 5
14 2 6 
48 7 6 
16 1 4 
92 2 6 
72 4 9 

3 60 5 4
98 9 1 3 7 
59 10 2 7 1 
49 9 7 7 4 
41 8 1 1 10 

1 24 20 4
37 7 6 
2 9 5 
75 7 6 
8 5 2 

2 90 12 1
61 6 3 4 

3 22 20 5
9 1 5 1 3 
10 5 2 9 4 
91 2 6 7 2 
55 10 5 2 9 
72 2 7 6 1 

2 82 16 3
23 10 6 4 
60 9 7 2 
51 9 2 2 

1 2 16 5
19 9 7 
16 4 10 
10 10 9 
57 4 3 
85 6 4 

3 41 2 5
6 3 9 9 4 
70 8 3 10 4 
73 6 3 5 10 
87 5 3 4 6 
70 4 8 7 5 

2 44 4 6
53 6 2 3 
15 1 4 3 
54 10 3 5 
41 10 3 7 
88 2 9 2 
11 6 9 7 

2 61 6 2
96 8 1 5 
21 9 2 4 

1 78 5 2
68 9 7 
13 4 9 

2 31 14 2
13 9 1 5 
93 5 1 3 

1 2 18 6
78 2 2 
57 7 8 
55 8 5 
80 5 1 
5 3 4 
48 4 1 

1 68 6 3
64 10 3 
36 7 6 
89 3 10 

2 28 6 3
56 1 3 8 
83 7 3 9 
76 5 4 7 

1 21 13 3
69 4 6 
32 3 4 
80 7 3 

3 89 17 6
35 4 7 2 1 
13 4 8 6 1 
59 5 8 1 10 
47 8 9 8 3 
47 10 9 7 8 
40 2 1 6 6 

2 14 6 4
27 2 9 10 
74 8 1 2 
13 9 9 2 
16 2 8 9 

2 85 5 3
71 7 8 5 
86 9 9 10 
43 8 6 3 

3 1 5 5
15 2 9 6 3 
8 3 7 5 2 
11 10 5 3 6 
58 1 6 4 10 
59 2 7 2 6 

1 86 20 1
97 9 9 

3 50 18 4
86 8 7 2 1 
48 9 6 10 1 
69 5 7 2 5 
92 5 9 5 5 

1 97 0 4
20 1 2 
9 1 1 
29 7 3 
41 4 9 

1 43 8 6
89 9 4 
62 4 2 
76 7 9 
11 2 5 
91 6 5 
94 5 7 

2 46 4 2
75 10 7 6 
53 4 6 8 

3 43 12 2
69 9 8 9 9 
47 1 6 3 10 

3 81 13 3
77 1 9 5 1 
90 8 5 1 9 
77 9 1 6 5 

3 91 15 4
22 6 3 5 2 
54 2 3 8 6 
90 7 2 2 3 
91 10 1 9 8 

3 79 7 1
8 10 8 2 4 

1 62 2 3
75 1 4 
31 5 1 
8 10 8 

1 86 18 1
6 10 8 

1 95 8 6
83 6 7 
9 4 6 
23 9 7 
14 6 6 
72 2 1 
66 3 10 

1 34 7 4
48 2 7 
18 2 9 
34 4 8 
10 9 7 

1 53 2 4
85 10 5 
6 5 6 
38 3 2 
50 10 8 

3 17 16 1
63 8 4 1 4 

3 81 18 5
12 6 1 10 9 
35 8 1 5 9 
79 6 10 2 8 
79 6 2 7 1 
22 6 7 2 9 

2 80 19 6
45 3 7 10 
18 9 1 4 
84 7 10 9 
37 10 8 4 
19 7 2 6 
79 6 4 3 

2 47 11 2
98 2 9 6 
75 6 8 4 

1 67 19 2
76 6 10 
30 5 3 

2 16 4 6
35 9 3 3 
60 9 3 10 
81 1 1 1 
17 5 6 1 
10 3 2 9 
83 9 4 1 

3 56 2 1
16 5 10 3 3 

1 30 11 1
83 1 5 

2 17 20 2
35 2 10 9 
84 2 9 10 

1 30 9 1
59 4 5 

2 84 6 4
26 5 6 7 
69 9 10 3 
86 8 10 3 
71 4 10 2 

2 98 9 3
67 3 5 5 
85 2 7 10 
24 10 9 9 

1 47 5 4
62 1 9 
47 9 7 
89 1 1 
63 7 3 

1 59 11 2
47 8 3 
46 5 2 

3 22 10 6
92 9 3 3 7 
76 6 6 7 8 
65 1 5 2 3 
56 2 4 6 6 
94 2 1 5 2 
54 7 8 10 6 

3 46 19 1
19 6 6 7 10 

2 55 6 5
79 1 10 5 
64 8 3 2 
43 7 6 4 
93 4 8 7 
80 8 2 5 

3 89 2 3
46 5 2 5 8 
46 7 7 10 3 
6 9 1 8 1 

2 39 1 6
11 9 6 10 
3 8 2 2 
51 8 8 7 
57 4 2 4 
91 3 9 7 
44 2 9 3 

2 70 13 6
19 8 1 7 
7 7 7 4 
96 10 10 1 
50 9 4 9 
37 1 8 6 
100 4 9 9 

1 96 20 1
2 9 5 

3 14 9 5
65 5 8 10 9 
10 5 6 4 2 
1 7 1 7 9 
5 3 6 3 2 
45 5 8 5 1 

3 87 10 4
39 1 1 3 7 
62 9 7 10 10 
16 4 8 3 1 
36 6 1 10 5 

3 26 0 3
63 3 5 6 4 
30 5 5 5 1 
77 10 5 4 7 

2 2 6 1
87 2 4 4 

3 21 1 1
57 8 8 7 8 

3 13 8 5
82 5 4 3 5 
18 3 6 7 3 
37 5 5 1 10 
35 1 6 6 1 
40 9 4 3 4 

2 22 15 6
73 2 5 6 
77 7 9 5 
37 5 9 5 
77 5 10 8 
82 2 1 7 
51 6 5 3 

1 8 20 3
65 1 10 
75 1 8 
93 10 9 

3 7 18 6
31 9 6 2 4 
17 1 10 10 1 
64 9 7 3 4 
80 4 2 5 1 
17 5 9 5 7 
34 2 6 8 9 

1 71 20 2
75 5 6 
24 6 3 

3 85 2 2
93 9 9 6 10 
8 10 7 1 3 

2 36 18 4
44 9 4 10 
87 7 10 10 
2 10 3 2 
2 9 10 5 

3 4 11 5
52 8 9 7 5 
74 3 1 9 7 
91 6 3 3 4 
99 8 7 8 10 
52 9 6 4 10 

1 52 13 3
41 9 1 
57 9 2 
34 4 1 

1 2 13 6
98 8 10 
97 6 4 
50 9 9 
18 2 10 
81 1 8 
10 3 9 

1 11 7 1
4 4 5 

1 15 19 3
94 5 4 
25 6 5 
31 10 2 

1 9 8 6
67 10 6 
70 10 10 
58 4 4 
97 9 6 
73 2 10 
56 6 1 

2 37 15 1
23 9 7 1 

2 56 9 2
53 5 3 1 
8 10 8 1 

3 73 17 4
70 5 1 7 3 
37 10 10 9 4 
94 7 8 9 5 
62 4 3 10 5 

2 26 1 1
35 10 6 7 

2 93 14 1
49 2 5 3 

3 27 19 2
17 5 6 3 10 
9 9 8 3 3 

3 64 7 1
74 3 8 2 5 

2 88 2 6
54 5 4 8 
79 8 3 9 
67 8 4 6 
67 5 7 3 
71 4 3 10 
36 10 10 6 

2 90 7 6
70 4 3 10 
33 3 2 3 
51 3 5 6 
87 1 8 8 
82 5 7 1 
88 7 4 9 

2 47 20 6
20 6 3 9 
87 8 6 2 
35 9 3 7 
75 2 6 5 
25 5 10 8 
72 9 6 5 

1 16 0 5
53 7 1 
30 2 5 
78 5 5 
57 2 7 
53 2 5 

1 53 2 5
27 5 4 
92 7 3 
53 8 7 
69 3 2 
2 1 10 

3 21 16 5
57 3 3 5 10 
4 8 7 7 6 
44 5 1 7 6 
75 10 4 7 4 
100 6 8 3 10 

1 100 11 4
27 7 7 
66 1 8 
8 8 6 
99 4 6 

2 53 14 3
25 5 4 9 
10 8 4 1 
44 1 8 10 

1 75 7 2
51 7 9 
97 9 10 

3 6 11 5
98 8 7 4 4 
58 3 6 9 10 
20 1 5 3 2 
6 8 4 6 10 
15 10 4 7 1 

3 39 3 5
25 10 5 5 4 
95 2 10 5 3 
2 6 8 5 7 
88 9 5 4 3 
13 1 3 4 3 

2 15 15 6
38 7 6 8 
73 2 7 7 
64 8 4 7 
58 4 10 1 
75 4 10 9 
44 1 7 3 

1 64 17 2
91 6 7 
88 6 5 

1 40 1 1
16 5 6 

2 87 15 1
91 4 9 4 

1 56 11 5
26 1 1 
42 6 9 
36 4 7 
90 2 7 
68 10 9 

3 87 17 5
69 1 8 2 9 
5 6 9 2 4 
24 10 4 6 1 
77 5 5 9 1 
3 1 1 4 2 

2 27 12 6
86 7 4 9 
43 5 3 7 
12 3 5 5 
78 7 1 10 
76 10 10 6 
21 1 7 4 

2 17 20 6
49 9 5 7 
14 2 4 6 
90 7 8 2 
47 7 5 3 
67 3 4 7 
37 5 1 7 

3 90 18 4
69 8 8 5 3 
2 7 5 2 4 
81 6 8 1 8 
54 8 5 6 5 

1 92 7 2
63 3 4 
49 9 7 

2 5 16 3
39 1 9 5 
8 8 6 4 
92 6 5 6 

2 81 2 4
49 8 6 1 
29 6 3 8 
57 7 10 6 
88 2 5 10 

1 32 11 2
9 1 2 
13 9 3 

2 38 15 2
14 3 6 4 
88 5 10 6 

1 43 11 2
5 8 3 
33 1 10 

3 86 13 6
28 6 2 2 7 
10 9 6 5 4 
62 4 9 6 8 
14 3 1 4 4 
79 6 6 9 5 
56 8 10 9 6 

1 34 10 5
35 10 5 
21 4 3 
5 5 2 
17 4 9 
46 2 10 

3 75 13 3
28 5 5 7 2 
4 3 9 9 4 
94 7 1 6 1 

2 22 10 4
3 8 4 3 
31 7 10 9 
32 1 9 2 
13 2 4 2 

3 93 15 4
37 2 5 1 5 
34 4 1 9 5 
19 3 2 1 4 
5 10 7 8 6 

1 100 17 5
78 6 2 
21 4 4 
26 1 6 
31 7 3 
80 8 5 

2 2 20 2
7 6 8 9 
62 2 7 4 

2 47 16 5
1 10 4 9 
70 10 3 10 
32 2 10 4 
81 1 5 8 
47 1 9 5 

3 70 15 4
47 7 5 5 2 
50 2 1 6 2 
17 9 8 4 1 
38 2 10 3 3 

2 92 7 5
72 3 7 10 
84 6 4 7 
78 2 4 5 
61 5 6 1 
100 7 3 4 

3 23 5 2
13 9 7 6 5 
10 3 10 3 10 

1 69 13 2
67 7 7 
86 10 10 

3 46 10 1
2 10 5 4 1 

1 72 15 3
68 10 10 
50 4 9 
4 2 3 

3 99 16 6
20 5 9 4 6 
42 6 1 9 10 
70 8 1 4 8 
74 7 4 5 4 
52 2 4 4 10 
38 4 7 6 9 

3 67 17 4
6 4 10 3 4 
50 4 6 7 6 
76 9 4 8 7 
51 7 9 8 4 

2 22 3 2
7 1 3 6 
67 7 1 5 

1 66 16 3
10 6 7 
48 10 2 
50 9 1 

3 21 10 5
35 6 2 5 9 
5 2 5 9 8 
58 10 9 9 8 
32 8 7 4 5 
39 9 2 1 10 

3 40 16 3
9 2 6 2 2 
6 2 2 6 2 
36 9 6 10 5 

1 93 8 1
53 4 9 

3 38 11 4
40 1 1 4 6 
18 8 5 6 1 
100 8 5 7 2 
23 9 1 4 3 

3 73 10 2
92 7 9 6 6 
69 3 6 6 4 

1 80 14 6
51 9 10 
60 8 5 
13 4 3 
44 10 4 
6 1 5 
30 2 9 

1 79 10 6
4 5 8 
55 6 6 
23 3 9 
41 9 9 
17 5 3 
24 5 10 

1 34 14 6
53 10 5 
39 5 6 
2 4 9 
18 5 5 
44 6 8 
83 1 7 

3 64 0 1
14 7 2 1 1 

2 13 16 1
63 9 2 10 

1 83 12 5
60 8 6 
50 2 2 
48 10 1 
26 9 10 
85 3 2 

1 70 15 6
92 1 9 
70 6 10 
77 5 7 
97 2 9 
22 7 6 
81 1 7 

3 63 12 5
10 8 7 10 4 
22 1 1 6 2 
43 4 9 5 3 
1 5 2 6 5 
68 2 1 9 2 

1 34 9 1
45 7 1 

2 43 0 2
25 7 4 8 
32 3 9 10 

1 43 0 2
66 6 8 
6 6 8 

1 75 3 3
70 6 3 
35 3 10 
99 1 4 

1 11 3 1
72 9 1 

1 27 3 6
59 2 5 
99 7 5 
37 7 7 
90 8 9 
76 9 1 
52 6 9 

2 59 9 6
7 4 7 7 
60 4 8 8 
7 6 4 3 
8 8 9 4 
64 2 3 6 
45 1 2 8 

3 95 11 1
74 9 6 4 7 

2 50 4 3
94 9 1 10 
49 10 3 1 
21 4 9 4 

1 90 1 6
67 2 5 
63 2 1 
25 5 2 
24 8 7 
7 10 2 
26 7 3 

3 95 8 4
9 5 6 5 4 
78 3 4 2 5 
14 4 1 6 5 
27 10 10 4 7 

3 76 7 5
79 2 3 7 4 
70 3 9 1 5 
60 6 10 8 3 
58 6 10 6 5 
50 1 1 6 9 

3 71 10 5
18 9 7 9 10 
98 9 3 7 2 
47 3 7 2 7 
42 4 7 7 3 
41 5 6 6 7 

3 17 12 6
75 7 1 10 7 
50 1 4 3 10 
75 2 5 9 7 
26 8 2 3 6 
32 5 10 1 2 
21 5 3 7 8 

1 99 15 2
88 6 8 
38 6 6 

1 7 16 2
64 7 4 
47 9 4 

3 3 14 2
76 8 2 9 1 
18 9 6 10 2 

2 23 11 5
16 5 10 8 
20 5 7 10 
23 7 10 7 
19 8 9 7 
31 2 5 7 

1 45 9 1
95 10 2 

1 19 12 4
6 4 5 
70 8 5 
4 8 5 
63 5 2 

3 24 12 2
62 6 5 10 1 
69 5 6 9 10 

1 84 14 4
35 3 4 
79 1 5 
100 10 7 
8 3 3 

3 51 9 5
24 8 4 2 3 
37 9 7 10 10 
89 5 4 1 8 
32 6 9 9 1 
3 8 9 9 4 

3 2 8 3
95 3 10 2 4 
86 2 2 4 8 
44 5 3 3 3 

2 85 8 5
51 4 2 4 
44 6 1 7 
38 5 2 5 
30 1 2 6 
11 1 2 2 

3 83 13 4
38 5 5 4 2 
22 2 8 7 6 
39 4 1 8 3 
7 3 8 2 6 

1 92 12 2
94 7 9 
27 2 2 

2 46 3 5
52 10 8 7 
88 1 9 1 
15 9 7 10 
43 2 6 3 
63 8 7 10 

3 27 6 3
29 1 3 1 10 
13 7 4 1 2 
38 3 9 9 3 

3 10 3 2
96 6 2 1 2 
77 2 9 5 7 

2 35 19 2
15 7 6 10 
96 6 4 7 

1 17 9 5
2 4 8 
26 2 6 
26 2 1 
60 3 4 
21 9 8 

2 48 18 6
14 10 7 5 
37 4 2 3 
19 7 1 9 
35 2 7 5 
17 6 5 3 
89 7 9 7 

2 47 1 3
46 8 7 9 
99 9 8 9 
100 3 6 6 

3 91 20 1
23 8 10 1 5 

1 23 6 6
70 7 3 
9 6 9 
59 7 2 
1 7 3 
81 3 8 
7 4 2 

3 62 8 2
12 9 5 4 8 
43 4 3 3 5 

1 21 4 4
84 2 7 
15 3 8 
67 2 9 
62 8 5 

3 88 5 3
25 4 5 7 9 
28 1 7 4 8 
94 2 2 10 8 

3 95 15 6
39 5 5 4 3 
46 4 2 7 5 
72 8 1 9 10 
52 8 7 8 9 
17 5 3 8 8 
18 4 9 3 2 

3 53 13 3
79 8 10 1 2 
90 10 2 9 1 
76 2 8 10 1 

2 38 7 4
72 7 10 10 
88 3 4 8 
39 5 8 4 
12 3 3 8 

1 37 13 5
63 4 5 
54 5 2 
58 7 10 
83 4 3 
40 8 4 

2 97 11 1
40 2 6 6 

3 41 14 4
68 4 8 8 10 
73 3 7 2 10 
8 3 10 1 3 
96 6 5 6 8 

1 48 11 5
61 6 5 
16 5 9 
100 7 9 
77 7 2 
49 7 3 

2 67 18 1
42 1 8 3 

2 93 8 3
54 9 3 10 
99 5 2 8 
42 10 7 7 

2 31 4 6
29 9 7 6 
71 9 7 9 
68 2 2 9 
19 2 1 8 
38 3 1 10 
83 8 8 10 

1 49 2 6
98 9 10 
22 4 9 
23 8 6 
96 1 1 
27 9 10 
44 3 5 

2 91 18 4
4 6 2 8 
20 2 6 1 
3 4 2 10 
38 5 6 4 

3 66 10 5
43 8 3 9 9 
9 3 3 8 7 
58 6 7 5 7 
59 6 10 8 5 
33 6 5 10 5 

3 62 12 6
57 9 4 4 3 
66 4 4 8 2 
15 9 9 10 5 
13 9 8 7 4 
73 4 2 2 8 
2 9 9 10 10 

1 95 9 5
1 3 8 
4 7 3 
100 2 10 
79 6 1 
36 8 3 

3 31 18 4
13 1 7 6 10 
56 8 6 3 8 
70 10 4 9 5 
94 7 10 5 5 

2 100 1 6
84 2 5 4 
96 2 6 10 
81 10 2 7 
8 4 9 9 
51 5 6 7 
39 1 4 4 

1 85 17 1
11 5 4 

2 51 2 4
83 10 3 2 
65 2 7 10 
23 10 2 6 
86 6 4 9 

3 83 0 1
45 9 4 7 10 

3 48 13 1
81 2 8 5 7 

2 35 8 6
70 4 8 8 
93 1 1 7 
12 7 4 10 
25 5 3 8 
33 3 10 10 
8 2 10 1 

3 51 4 6
63 9 4 1 6 
79 5 7 8 2 
40 5 10 2 5 
46 1 10 9 6 
55 9 10 9 4 
75 6 1 10 1 

3 34 5 1
17 2 3 9 5 

1 89 17 4
20 7 6 
4 10 8 
81 1 7 
94 9 8 

3 65 13 2
97 3 2 3 9 
43 6 6 2 7 

2 87 0 4
65 10 3 3 
29 2 5 8 
57 7 3 7 
47 8 5 7 

1 36 2 2
25 6 8 
20 4 9 

3 76 12 1
39 7 7 9 9 

3 91 2 3
3 1 5 2 8 
76 2 1 5 1 
83 2 5 3 2 

1 80 18 5
31 6 5 
26 8 10 
85 8 6 
76 9 10 
32 3 6 

2 43 9 2
64 5 3 1 
83 6 9 1 

2 45 18 1
11 3 8 5 

1 71 12 1
32 4 6 

1 20 14 3
77 4 5 
38 4 10 
84 7 6 

1 82 19 6
74 9 3 
75 8 1 
90 8 5 
33 7 2 
69 9 9 
35 7 2 

3 65 15 3
37 6 5 1 5 
28 3 1 8 6 
55 2 1 2 6 

2 92 1 4
58 8 8 1 
54 3 5 1 
12 7 6 2 
88 7 7 3 

3 5 9 5
89 4 1 2 3 
95 4 4 3 9 
91 2 8 4 3 
89 9 4 10 6 
24 9 2 7 4 

1 90 8 5
27 4 7 
85 9 9 
97 5 9 
99 7 8 
31 9 7 

3 54 3 1
30 7 5 10 8 

3 55 0 4
68 9 10 8 10 
72 6 1 10 7 
72 9 2 2 8 
63 4 3 8 5 

3 82 20 4
53 6 4 1 7 
92 1 1 9 6 
48 10 6 8 9 
46 6 8 9 4 

3 14 13 1
73 7 2 10 3 

3 51 3 4
79 10 8 3 10 
57 4 2 8 2 
35 8 1 9 9 
28 8 7 1 3 

1 89 6 4
87 10 5 
93 6 6 
63 1 7 
7 8 6 

2 5 5 5
26 2 1 7 
61 1 4 6 
9 5 2 7 
85 3 7 7 
14 10 10 7 

1 24 13 5
30 6 1 
12 6 4 
71 4 9 
49 9 6 
67 4 6 

3 89 13 1
10 6 4 5 10 

1 59 5 4
63 2 7 
56 1 3 
9 3 6 
84 3 2 

2 66 8 1
61 4 5 7 

2 63 18 2
20 5 7 10 
72 10 9 10 

1 83 15 6
34 2 10 
99 4 1 
17 1 4 
37 5 9 
9 4 3 
26 4 6 

3 3 4 5
50 3 1 8 6 
76 4 2 5 5 
68 2 1 7 5 
44 6 10 1 7 
35 2 9 9 7 

3 27 1 3
59 1 2 5 2 
85 8 1 8 3 
82 1 7 4 7 

3 84 8 2
56 5 6 1 5 
51 10 7 8 10 

1 8 15 2
13 6 8 
5 2 1 

3 88 13 5
20 8 10 3 10 
100 3 7 4 8 
83 5 8 4 10 
4 9 10 7 3 
33 1 5 7 7 

2 63 19 4
50 4 2 7 
82 4 6 6 
31 8 4 2 
37 10 6 3 

1 62 4 4
16 2 9 
25 3 8 
85 4 4 
67 2 7 

1 72 18 4
41 5 3 
79 6 8 
12 7 7 
17 10 10 

1 61 2 6
52 6 5 
5 2 7 
35 3 4 
54 9 8 
17 10 4 
5 6 8 

3 82 4 6
89 4 3 7 10 
28 10 2 5 8 
31 3 7 10 10 
92 9 4 6 3 
29 4 6 4 1 
19 6 1 1 7 
0 0 0 0

